ADP (Area x Delay): 3812053.9050000003
Area :48774000.0
delay :0.0781575