ADP (Area x Delay): 2622646.2635999997
Area :48774000.0
delay :0.0537714