ADP (Area x Delay): 13120791.287999999
Area :48774000.0
delay :0.269012